C 0 C 0 C 
0 0 0 0 0
C 0 0 0 0
0 0 0 0 0
C 0 0 0 X

0 0 C 0 C
C 0 0 0 0
C 0 0 0 0
0 0 0 0 0
C 0 0 0 X

0 0 0 C C
C 0 0 0 0
C 0 0 0 0
0 0 0 0 0
C 0 0 0 X

0 0 0 C 0
C 0 0 0 0
C 0 0 0 0
0 0 0 0 C
C 0 0 0 X

0 0 0 C 0
C 0 0 0 0
C 0 0 0 0
0 0 0 0 C
C X 0 0 0

0 0 0 C 0
C 0 0 0 0
0 0 0 0 0
C 0 0 0 C
C X 0 0 0

0 0 0 C 0
C 0 0 0 0
0 0 0 0 0
0 0 0 C C
C X 0 0 0

0 0 0 C 0
C 0 0 C 0
0 0 0 0 0
0 0 0 0 C
C X 0 0 0

0 0 0 C 0
C C 0 0 0
0 0 0 0 0
0 0 0 0 C
C X 0 0 0

0 0 0 C 0
C C 0 0 0
0 X 0 0 0
0 0 0 0 C
C 0 0 0 0

0 0 0 C 0
0 C 0 0 0
0 X 0 0 0
C 0 0 0 C
C 0 0 0 0

0 0 0 C 0
0 C 0 0 0
0 X 0 0 0
0 0 0 C C
C 0 0 0 0

0 0 0 0 0
0 C 0 0 0
0 X 0 C 0
0 0 0 C C
C 0 0 0 0

0 0 0 0 0
0 C 0 0 0
0 0 X C 0
0 0 0 C C
C 0 0 0 0
